21.093 108
21.7162 73
22.407 60
21.2281 102
22.407 60
21.797 61
22.4309 58
22.407 60
23.6653 37
23.6653 37
22.9757 47
23.1503 46
22.5093 52
22.7038 50
23.6986 32
23.6938 37
23.1503 46
22.9757 47
23.4762 40
23.6476 37
23.6653 37
23.6986 32
23.6653 37
23.6653 37
23.2911 40
22.9757 47
23.6938 37
23.1322 46
24.5006 30
23.6476 37
23.1503 46
22.9757 47
23.1503 46
23.1503 46
24.5006 30
24.2998 32
23.6986 32
23.6653 37
23.6653 37
23.6938 37
23.4762 40
23.1559 42
23.1503 46
22.9757 47
23.1503 46
24.5006 30
23.6653 37
23.2911 40
23.1503 46
22.5093 52
23.6653 37
23.6476 37
23.491 37
24.5006 30
