23.6986 32
22.9757 47
23.6986 32
23.2911 40
22.9757 47
22.9757 47
23.6986 32
23.1559 42
22.9757 47
23.2911 40
23.6986 32
23.0568 46
22.9757 47
23.2911 40
23.4053 38
22.9757 47
23.6986 32
23.6986 32
23.6986 32
23.4053 38
23.237 41
22.9757 47
22.9757 47
22.9757 47
23.4563 35
23.6986 32
23.6986 32
23.6986 32
23.4563 35
23.237 41
22.9757 47
22.9757 47
22.9757 47
22.9576 47
22.9757 47
22.9757 47
22.9757 47
22.9757 47
24.2088 29
23.2911 40
23.0441 46
22.9757 47
24.2088 29
23.6986 32
23.6986 32
23.6986 32
23.4563 35
23.4053 38
23.0608 45
23.237 41
23.237 41
22.9576 47
22.9757 47
22.9757 47
22.9757 47
22.9757 47
22.9757 47
22.9757 47
22.9757 47
24.0059 29
23.6986 32
22.9757 47
