22.407 60
22.407 60
22.4309 58
22.407 60
23.6653 37
23.6653 37
22.9757 47
23.1503 46
22.5093 52
22.7038 50
23.6986 32
23.6938 37
23.1503 46
22.9757 47
23.6476 37
23.6653 37
23.6986 32
23.6653 37
23.6653 37
23.2911 40
22.9757 47
23.6938 37
23.1322 46
24.5006 30
23.6476 37
23.1503 46
22.9757 47
23.1503 46
23.1503 46
24.5006 30
24.2998 32
23.6986 32
23.6653 37
23.6653 37
23.6938 37
23.1559 42
23.1503 46
22.9757 47
23.1503 46
24.5006 30
23.6653 37
23.2911 40
23.1503 46
22.5093 52
23.6653 37
23.6476 37
23.491 37
24.5006 30
24.5006 30
23.6986 32
23.491 37
23.6476 37
23.4625 37
23.6653 37
23.6653 37
23.1503 46
23.1503 46
23.0568 46
22.9526 50
22.9757 47
22.7038 50
23.6653 37
23.2911 40
23.6653 37
23.1503 46
23.4053 38
22.9757 47
22.7038 50
23.6653 37
