22.4309 58
22.9757 47
23.1503 46
22.7038 50
23.6986 32
23.1503 46
22.9757 47
23.6986 32
23.2911 40
22.9757 47
23.1322 46
24.5006 30
23.1503 46
22.9757 47
23.1503 46
23.1503 46
24.5006 30
24.2998 32
23.6986 32
23.1559 42
23.1503 46
22.9757 47
23.1503 46
24.5006 30
23.2911 40
23.1503 46
24.5006 30
24.5006 30
23.6986 32
23.1503 46
23.1503 46
23.0568 46
22.9757 47
23.2911 40
23.1503 46
23.4053 38
22.9757 47
24.5006 30
23.6986 32
23.6986 32
23.6986 32
23.4053 38
23.237 41
23.1503 46
23.1503 46
23.1503 46
23.1322 46
23.1503 46
23.1503 46
22.9757 47
22.9757 47
22.9757 47
23.1503 46
23.4563 35
