43.6421 40
43.6421 40
43.6421 40
43.9932 38
43.6007 42
43.9932 38
43.6421 40
43.4598 46
43.6886 40
43.9932 38
43.6421 40
43.6973 39
43.9932 38
43.6421 40
43.9932 38
43.9932 38
43.6421 40
43.7427 38
43.6886 40
42.7728 51
43.6007 42
43.6973 39
43.6421 40
43.6973 39
43.6421 40
43.9932 38
43.6973 39
43.6421 40
43.9932 38
43.1239 49
43.6007 42
43.7427 38
43.9932 38
43.9932 38
44.0938 36
43.6671 40
43.6421 40
43.6421 40
43.2285 47
43.6421 40
43.6421 40
43.6421 40
43.6007 42
43.6007 42
43.9982 38
43.6119 41
43.6973 39
42.7852 50
43.6421 40
43.9932 38
43.5 42
43.6886 40
43.9932 38
44.0938 36
43.7427 38
43.9932 38
44.0938 36
43.9932 38
43.6973 39
43.2837 46
43.6973 39
43.6973 39
43.6421 40
43.6421 40
43.6421 40
44.0396 36
43.6421 40
43.6973 39
43.6421 40
43.9932 38
43.6007 42
43.6131 41
43.6007 42
43.6007 42
43.1239 49
43.6007 42
43.2285 47
43.6421 40
43.6007 42
43.5465 42
43.6421 40
43.6671 40
