42.0107 137
42.4682 74
42.3197 76
43.3591 48
42.6065 60
42.7728 51
42.6065 60
43.6421 40
43.6421 40
42.8974 51
43.6421 40
43.9932 38
42.7728 51
43.6007 42
43.3591 48
43.9932 38
43.6421 40
43.3591 48
43.4598 46
43.6886 40
43.9932 38
43.6421 40
43.6973 39
43.9932 38
42.7728 51
43.3591 48
42.7567 55
43.555 44
42.8301 51
43.6421 40
43.9932 38
43.9932 38
43.6421 40
43.7427 38
43.6886 40
43.5705 43
43.555 44
43.3591 48
43.3591 48
42.7728 51
42.8974 51
42.7728 51
42.8301 51
43.6007 42
43.6973 39
42.7728 51
43.5135 44
43.6421 40
43.6973 39
43.6421 40
43.9932 38
43.6973 39
43.6421 40
43.9932 38
43.1239 49
43.6007 42
43.555 44
