43.6421 40
43.6421 40
43.9932 38
43.6007 42
43.9932 38
43.6421 40
43.9932 38
43.6421 40
43.6973 39
43.9932 38
43.6421 40
43.9932 38
43.9932 38
43.6421 40
43.7427 38
43.6007 42
43.6973 39
43.6421 40
43.6973 39
43.6421 40
43.9932 38
43.6973 39
43.6421 40
43.9932 38
43.6007 42
43.7427 38
43.9932 38
43.9932 38
43.6421 40
43.6421 40
43.6421 40
43.6421 40
43.6421 40
43.6007 42
43.6007 42
43.9982 38
43.6119 41
43.6973 39
43.6421 40
43.9932 38
43.5 42
43.9932 38
43.7427 38
43.9932 38
43.9932 38
43.6973 39
43.6973 39
43.6973 39
43.6421 40
43.6421 40
43.6421 40
44.0396 36
43.6421 40
43.6973 39
43.6421 40
43.9932 38
43.6007 42
43.6131 41
43.6007 42
43.6007 42
43.6007 42
43.6421 40
43.6007 42
43.5465 42
43.6421 40
44.0396 36
43.9932 38
43.9932 38
43.9932 38
43.9932 38
43.9932 38
43.9932 38
43.6973 39
43.6973 39
44.0798 35
43.6973 39
43.6973 39
43.6421 40
43.9932 38
43.6421 40
43.6544 39
43.6421 40
43.6421 40
43.6421 40
43.6421 40
43.6421 40
43.4734 47
43.6007 42
43.6007 42
43.6007 42
