43.6421 40
43.6421 40
43.9932 38
43.9932 38
43.6421 40
43.9932 38
43.6421 40
43.6973 39
43.9932 38
43.6421 40
43.9932 38
43.9932 38
43.6421 40
43.7427 38
43.6973 39
43.6421 40
43.6973 39
43.6421 40
43.9932 38
43.6973 39
43.6421 40
43.9932 38
43.7427 38
43.9932 38
43.9932 38
43.6421 40
43.6421 40
43.6421 40
43.6421 40
43.6421 40
43.9982 38
43.6973 39
43.6421 40
43.9932 38
43.9932 38
43.7427 38
43.9932 38
43.9932 38
43.6973 39
43.6973 39
43.6973 39
43.6421 40
43.6421 40
43.6421 40
44.0396 36
43.6421 40
43.6973 39
43.6421 40
43.9932 38
43.6131 41
43.6421 40
43.6421 40
44.0396 36
43.9932 38
43.9932 38
43.9932 38
43.9932 38
43.9932 38
43.9932 38
43.6973 39
43.6973 39
44.0798 35
43.6973 39
43.6973 39
43.6421 40
43.9932 38
43.6421 40
43.6544 39
43.6421 40
43.6421 40
43.6421 40
43.6421 40
43.6421 40
44.0798 35
44.0396 36
43.9932 38
43.9932 38
43.9932 38
43.9932 38
43.9932 38
43.9932 38
43.9932 38
43.9932 38
44.0396 36
44.0396 36
43.6973 39
43.6973 39
43.6421 40
43.6544 39
43.6421 40
43.6421 40
43.6421 40
43.6421 40
43.6421 40
43.6421 40
43.6421 40
43.6421 40
43.6421 40
43.6421 40
43.4586 44
43.4873 41
