21.7307 83
22.4723 55
21.8917 66
21.9968 63
23.0483 50
23.3011 42
22.4723 55
22.2695 55
22.4723 55
23.3011 42
22.2695 55
22.4723 55
22.4723 55
21.9968 63
22.4723 55
22.4723 55
23.0957 49
22.4723 55
22.4963 50
23.3011 42
22.4723 55
22.4723 55
21.3624 128
21.1998 136
23.3011 42
24.0746 42
23.0483 50
22.4723 55
22.4723 55
22.4723 55
22.4723 55
23.3011 42
22.4723 55
22.0425 55
22.4723 55
23.0957 49
23.0957 49
22.4723 55
22.4723 55
22.4723 55
22.4723 55
22.4723 55
22.4723 55
22.4723 55
22.4723 55
22.2695 55
22.4723 55
23.2069 44
23.3011 42
22.4723 55
22.2695 55
22.4723 55
22.4723 55
22.4723 55
22.4723 55
23.1275 49
22.2695 55
22.2695 55
22.8886 50
