22.2695 55
23.3011 42
22.2695 55
22.4963 50
23.3011 42
23.3011 42
24.0746 42
23.3011 42
22.0425 55
22.2695 55
23.3011 42
22.2695 55
22.2695 55
22.2695 55
23.3011 42
24.0746 42
22.4963 50
22.0425 55
22.2695 55
22.2695 55
22.2695 55
22.2695 55
23.8718 42
22.7312 49
23.3011 42
24.0746 42
24.0746 42
23.3011 42
22.93 42
22.4963 50
22.0425 55
22.2695 55
22.2695 55
22.2695 55
22.4492 51
22.2695 55
22.2695 55
22.2695 55
22.6991 50
22.93 42
24.0746 42
23.3011 42
23.3011 42
24.0746 42
24.0746 42
24.0746 42
24.0746 42
21.8637 55
22.4963 50
22.6991 50
22.4492 51
22.0425 55
22.2695 55
22.2695 55
22.2695 55
22.2695 55
22.2695 55
22.4492 51
22.2695 55
22.2695 55
22.2695 55
22.2695 55
22.0425 55
23.3011 42
22.2695 55
23.8718 42
22.2695 55
22.7312 49
23.7929 42
22.2695 55
22.2695 55
22.2695 55
22.5248 50
23.3011 42
22.0425 55
23.3011 42
23.0983 42
23.3011 42
22.2695 55
22.2695 55
22.4963 50
22.4963 50
23.3011 42
22.2695 55
22.9247 49
23.3011 42
22.0425 55
24.0746 42
