22.2534 65
22.2534 65
22.1539 66
22.2534 65
22.2534 65
21.8917 66
21.7959 77
21.7659 82
22.2534 65
21.4713 88
21.7307 83
22.2534 65
23.5008 50
22.2534 65
21.8917 66
22.5326 54
22.1539 66
22.2943 60
22.2534 65
22.2534 65
22.2534 63
22.2534 65
22.2534 65
22.2534 65
22.2534 65
22.2534 65
22.2534 65
23.5008 50
24.0349 43
22.4723 55
22.2534 63
22.2534 65
22.6322 53
22.2534 65
22.2534 65
22.2534 65
22.2534 65
22.2534 65
22.2943 60
22.2534 65
22.2534 65
21.8917 66
21.8917 66
22.4723 58
22.2534 65
21.8917 66
23.5008 50
22.2534 65
22.2534 65
22.2534 65
22.2534 65
22.2534 65
22.2534 65
22.2534 65
22.2534 65
22.2534 65
22.2534 65
22.2534 65
22.2534 65
22.2534 65
21.3098 104
