22.6995 49
22.4942 50
23.2395 41
22.6995 49
22.6861 49
22.6995 49
21.0281 71
19.7202 121
19.9951 118
19.8545 119
21.5426 65
23.2443 41
20.0727 115
22.6995 49
20.5441 81
22.1493 53
22.6995 49
21.7028 58
21.0281 71
19.9951 118
19.9834 119
19.9951 118
20.0383 118
22.6995 49
19.3252 152
22.2587 52
22.7635 45
20.9446 77
20.3962 86
19.9774 119
19.3977 132
19.9951 118
19.6657 122
22.6995 49
20.0727 118
22.752 49
21.0281 71
22.6861 49
19.1398 153
19.7202 121
22.6995 49
22.7635 45
22.6995 49
22.3332 51
22.7635 45
21.6629 62
19.6309 123
19.3977 132
23.2387 44
19.9774 119
22.4942 50
22.6995 49
19.3977 132
22.7635 45
24.3116 37
21.0281 71
22.5519 49
22.752 49
21.8435 55
21.2632 67
22.7635 45
23.5256 40
22.6861 49
22.3332 51
22.8381 44
22.6995 49
21.0598 69
21.1484 68
20.6517 79
20.5213 86
19.9796 119
19.7693 120
19.6938 122
19.582 125
19.3568 141
19.3713 133
19.3977 132
22.7635 45
22.752 49
20.3962 86
22.6861 49
20.0727 118
19.3977 132
20.0867 95
20.0727 112
