21.9679 57
22.625 50
22.6861 49
20.1855 113
23.8095 41
21.2632 69
22.6995 49
22.4942 50
22.625 50
23.2395 41
22.0566 56
22.6995 49
24.6958 38
22.6861 49
22.4749 52
22.6995 49
20.1855 108
22.0566 56
21.0281 71
19.7202 121
19.9951 118
19.8545 119
24.4629 41
21.5426 65
23.2443 41
20.0727 115
22.6995 49
20.5441 81
20.159 114
22.0566 56
20.3227 101
22.1493 53
22.6995 49
20.1855 108
23.0494 45
22.625 50
22.4749 52
22.0703 56
21.7028 58
21.9985 57
21.0281 71
19.9951 118
19.9834 119
21.9679 57
22.0566 56
20.1855 113
19.9951 118
19.8063 121
22.0566 56
20.6584 80
23.8095 41
20.0383 118
23.8095 41
22.6995 49
19.3252 152
23.0494 45
22.2587 52
22.7635 45
22.0566 56
20.9446 77
20.3962 86
20.1855 113
19.9774 119
19.3977 132
19.9951 118
19.6657 122
21.8879 58
22.6995 49
21.7028 64
22.5708 50
23.8095 41
20.0727 118
22.752 49
21.0281 71
22.6861 49
19.1398 153
24.4629 41
21.2132 71
19.7202 121
21.2632 69
22.6995 49
22.8988 45
