21.067 87
19.6242 141
23.0388 47
22.3342 55
20.3611 105
22.4942 52
19.6892 139
19.6242 141
21.9679 57
23.5487 46
20.7304 91
20.3384 111
19.4345 150
21.5806 66
20.3611 105
22.4539 55
22.7866 49
19.9083 124
19.9226 122
22.625 50
23.506 47
21.067 87
20.4808 105
20.0857 116
19.4681 150
21.9015 62
19.7587 127
22.6861 49
19.7569 134
22.2677 57
20.6157 95
19.9226 122
19.5197 142
19.6892 139
20.0857 122
20.1855 113
21.1783 87
19.9306 122
22.3342 55
23.8095 41
22.3342 55
21.2632 69
22.6995 49
22.4942 50
