21.9679 57
19.4345 150
22.7866 49
22.625 50
22.6861 49
19.5197 142
20.1855 113
23.8095 41
21.2632 69
22.6995 49
22.4942 50
22.625 50
19.3252 155
22.8914 46
23.2395 41
22.0566 56
22.6995 49
24.6958 38
22.6861 49
22.4749 52
22.6995 49
20.1855 108
22.0566 56
21.0281 71
19.7202 121
19.9951 118
19.8545 119
19.4345 151
19.6208 136
24.4629 41
20.4694 95
22.7866 49
21.5426 65
23.2443 41
20.0727 115
19.3979 152
22.6995 49
20.5441 81
20.159 114
22.0566 56
20.3227 101
22.1493 53
22.6995 49
20.1855 108
23.0494 45
22.625 50
22.4749 52
22.0703 56
21.7028 58
21.9985 57
21.0281 71
19.9951 118
19.6825 126
19.4619 147
19.2916 155
19.6232 134
19.6086 137
19.4345 152
20.527 95
19.9834 119
21.9679 57
20.4631 99
22.0566 56
19.6033 141
19.4345 151
19.3252 155
22.8131 48
20.1855 113
19.9951 118
19.8063 121
22.0566 56
20.6584 80
23.8095 41
20.0383 118
23.8095 41
22.4004 53
22.6995 49
19.3252 152
