19.6242 141
22.3342 55
20.3611 105
22.4942 52
19.6242 141
21.9679 57
19.4345 150
21.5806 66
20.3611 105
22.4539 55
22.7866 49
19.9083 124
19.9226 122
22.625 50
21.067 87
20.4808 105
20.0857 116
19.4681 150
21.9015 62
19.7587 127
22.6861 49
20.6157 95
19.9226 122
19.5197 142
20.0857 122
20.1855 113
19.9306 122
22.3342 55
23.8095 41
22.3342 55
21.2632 69
22.6995 49
22.4942 50
22.625 50
21.2011 73
21.067 87
20.9825 87
20.0857 116
19.7923 127
19.6632 138
19.3767 155
19.3252 155
22.8914 46
21.1367 85
19.7516 133
23.2395 41
20.3347 106
19.4681 150
19.7052 137
22.0566 56
20.6901 89
19.8601 126
22.6995 49
24.6958 38
22.6861 49
20.5359 99
20.5337 103
22.4749 52
22.6995 49
20.1855 108
