11.3064 117
11.3064 117
15.3558 24
12.2376 70
12.7707 51
11.1297 124
14.9961 24
14.097 35
13.4322 37
12.9441 45
11.3577 111
11.149 123
11.1265 136
11.3064 117
12.0385 71
13.4322 38
12.2376 70
14.9961 24
12.3982 65
14.9961 24
14.097 35
12.9441 45
12.7097 52
12.3982 58
12.2376 70
11.5825 82
11.3256 112
11.3064 114
11.4926 109
11.149 123
11.1811 118
11.0912 158
12.2376 66
14.7714 26
14.9961 24
14.097 35
11.8876 76
14.5209 34
13.3038 40
11.6917 78
11.3577 110
11.3256 114
11.499 89
13.2428 45
12.2376 65
12.3982 65
14.7392 27
14.9961 24
