13.4322 37
13.4322 38
11.1811 118
14.7714 26
13.3038 40
14.781 24
13.4322 39
12.7707 49
11.3385 89
11.1297 124
13.3038 40
13.4322 38
11.9454 65
14.9961 21
13.0501 41
11.5825 69
14.9961 21
14.7714 26
14.158 33
14.097 33
13.3038 40
11.9454 62
11.544 72
11.1297 123
11.0591 166
13.4322 40
14.4534 29
11.3385 94
11.3385 93
11.3385 94
13.034 42
11.5825 69
13.3038 40
11.1329 118
13.4322 37
14.9961 21
14.781 24
11.3385 89
13.3038 40
12.4046 50
14.736 26
14.7906 22
14.9961 21
14.7778 24
14.7714 26
14.097 33
14.036 36
14.097 33
13.4322 40
13.034 42
12.8221 42
12.4046 50
11.9968 56
11.5825 69
11.499 81
11.3385 88
11.3385 93
11.3385 94
11.1297 123
11.0816 129
14.097 33
11.1875 96
14.7906 24
14.4213 33
11.5504 71
14.0873 34
11.9454 62
14.8773 22
14.6172 27
12.7707 49
13.4322 38
11.1169 127
13.9364 37
11.1297 120
14.4277 32
12.4046 50
13.4322 40
