12.7707 51
11.1297 124
14.9961 24
14.097 35
13.4322 37
12.9441 45
11.149 123
11.1265 136
13.4322 38
14.9961 24
14.9961 24
14.097 35
12.9441 45
12.7097 52
12.3982 58
11.149 123
11.1811 118
11.0912 158
14.7714 26
14.9961 24
14.097 35
14.5209 34
13.3038 40
11.499 89
12.2376 65
14.7392 27
14.9961 24
14.9961 24
14.781 24
14.7392 27
14.097 35
13.4322 39
14.2961 34
12.9441 48
12.7707 49
12.2376 65
11.3385 89
11.149 123
11.1297 124
11.0912 158
13.3038 40
14.9961 24
11.0912 165
14.9961 23
14.7392 27
14.6365 30
13.4322 38
11.9454 65
11.5601 79
12.2376 64
11.2614 111
14.9961 21
11.5087 89
12.2954 61
13.0501 41
14.097 35
14.097 35
11.5825 69
