11.3064 120
11.3064 117
14.7649 32
14.7938 32
13.4258 45
12.7065 59
11.3064 117
11.2742 121
12.2922 70
15.3558 24
11.3256 115
11.727 95
12.2376 70
12.7707 51
11.3577 113
11.1297 124
14.9961 24
14.097 35
13.4322 37
12.9441 45
12.3436 66
11.727 94
11.9839 81
11.5922 95
11.3577 113
11.3256 115
11.3577 111
11.3064 120
11.149 123
12.4175 60
12.7707 53
11.1265 136
14.7649 32
11.3064 117
12.0385 71
11.5087 95
13.4322 38
11.727 95
11.2742 121
11.2935 121
12.2376 70
14.7938 32
11.7495 82
12.7707 59
14.9961 24
12.3982 65
12.6101 60
