11.1297 124
14.097 35
13.4322 37
12.9441 45
13.4322 38
14.097 35
12.9441 45
11.1811 118
11.0912 158
14.7714 26
14.097 35
13.3038 40
11.499 89
14.781 24
14.097 35
13.4322 39
12.9441 48
12.7707 49
11.3385 89
11.1297 124
11.0912 158
13.3038 40
11.0912 165
13.4322 38
11.9454 65
11.2614 111
14.9961 21
11.5087 89
12.2954 61
13.0501 41
14.097 35
14.097 35
11.5825 69
14.9961 21
14.7714 26
14.158 33
14.097 35
14.097 33
14.097 35
13.3038 40
12.9987 45
11.9454 62
11.544 72
11.499 89
11.1297 130
11.5087 87
11.1297 123
11.0591 166
13.4322 40
14.097 35
14.4534 29
11.1169 131
11.3385 94
11.3385 93
11.3385 94
11.5376 86
13.034 42
14.097 36
11.5022 89
11.5825 69
13.3038 40
14.0873 37
11.1329 118
14.097 35
11.1297 131
13.4322 37
14.9961 21
14.781 24
11.0912 157
11.3385 89
13.3038 40
12.3436 57
12.4046 50
14.736 26
11.0912 158
12.9345 49
14.7906 22
11.0944 156
