13.4322 38
14.781 24
13.4322 39
11.3385 89
13.4322 38
11.5825 69
11.9454 62
11.3385 94
11.3385 93
11.3385 94
11.5825 69
13.4322 37
14.781 24
11.3385 89
12.4046 50
14.736 26
14.7906 22
14.7778 24
12.8221 42
12.4046 50
11.9968 56
11.5825 69
11.499 81
11.3385 88
11.3385 93
11.3385 94
11.0816 129
11.1875 96
14.7906 24
11.9454 62
14.8773 22
14.6172 27
13.4322 38
12.4046 50
14.7778 24
14.781 24
14.736 26
11.9968 59
11.6403 63
11.6371 67
11.5119 73
11.499 83
11.3385 88
11.3385 89
11.5087 79
11.3385 94
11.1169 107
11.0816 125
13.4322 38
14.0873 31
12.8221 44
11.027 141
11.499 80
14.8773 22
12.3918 53
13.4322 37
13.4322 38
13.2588 39
11.5087 77
12.7643 45
12.4046 50
14.781 24
15.0379 19
14.7906 22
14.7778 24
14.736 24
13.4322 38
13.4322 36
13.018 40
12.8317 40
12.6872 48
12.4046 50
11.6403 63
11.5825 69
11.5825 69
11.499 83
11.5183 70
11.499 85
11.3385 94
11.3385 93
11.3385 94
11.3385 93
11.3385 94
11.1779 103
11.1008 125
11.0784 137
11.3385 93
14.4791 28
14.0873 28
11.3481 85
14.7906 22
11.3385 94
11.3385 87
11.027 142
14.8773 19
14.7906 22
10.9627 149
11.499 84
12.3436 56
14.6108 27
13.4322 38
13.4322 38
13.4772 32
13.4322 38
11.3481 87
