12.7065 59
11.3064 120
11.3064 117
13.7437 43
14.6397 36
13.3263 46
11.5119 113
11.6917 97
12.6487 64
14.7649 32
12.2376 72
12 82
11.833 95
14.097 38
14.7938 32
13.4258 45
13.6699 43
12.4175 66
12.1124 74
12.7065 59
11.3064 117
14.3571 38
14.6397 36
11.9968 90
12.2376 72
11.833 94
11.894 91
13.0854 49
11.2742 121
14.097 38
13.7437 43
12.6487 62
12.2922 70
11.5922 99
11.6917 99
13.4451 45
12 82
13.0533 51
15.3558 24
11.8651 92
11.3256 115
11.727 95
13.7437 41
12.2376 70
12.7707 51
13.0854 51
11.3577 113
11.1297 124
12 82
12.5331 66
12.4046 70
