13.4322 37
13.4322 38
14.781 24
13.4322 39
11.3385 89
13.4322 38
14.9961 21
13.0501 41
11.5825 69
14.9961 21
11.9454 62
11.544 72
14.4534 29
11.3385 94
11.3385 93
11.3385 94
13.034 42
11.5825 69
13.4322 37
14.9961 21
14.781 24
11.3385 89
12.4046 50
14.736 26
14.7906 22
14.9961 21
14.7778 24
14.036 36
13.034 42
12.8221 42
12.4046 50
11.9968 56
11.5825 69
11.499 81
11.3385 88
11.3385 93
11.3385 94
11.0816 129
11.1875 96
14.7906 24
11.5504 71
14.0873 34
11.9454 62
14.8773 22
14.6172 27
13.4322 38
13.9364 37
12.4046 50
14.9961 21
14.7778 24
14.781 24
14.736 26
14.6172 29
13.0501 41
13.034 42
11.9968 59
11.6403 63
11.6371 67
11.5119 73
11.499 83
11.3385 88
11.3385 89
11.5087 79
11.3385 94
11.1169 107
11.0816 125
14.9961 21
13.4322 38
14.0873 33
14.7392 25
14.0873 31
12.8221 44
14.9961 21
13.2364 41
14.097 31
13.6281 37
11.027 141
11.499 80
14.8773 22
12.3918 53
13.4322 37
13.4322 38
11.5504 71
13.2588 39
11.5087 77
12.7643 45
13.0501 41
12.4046 50
14.781 24
