48.194 59
48.194 59
48.194 59
48.194 59
48.194 59
48.194 59
48.194 59
48.194 59
48.194 59
48.194 59
49.1145 41
48.194 59
48.194 59
48.194 59
48.194 59
48.194 59
48.194 59
48.194 59
48.194 59
48.194 59
48.194 59
48.6864 50
49.1145 41
48.6864 50
48.5835 53
48.194 59
48.194 59
48.194 59
48.194 59
48.194 59
48.9392 46
48.194 59
48.194 59
48.194 59
48.194 59
48.194 59
47.9761 60
49.1145 41
49.1145 41
48.9392 46
48.6864 50
48.6864 50
48.5835 53
48.5835 53
48.978 45
48.194 59
48.194 59
48.194 59
48.194 59
48.194 59
48.194 59
48.194 59
48.194 59
48.194 59
48.2074 53
48.194 59
48.194 59
48.194 59
48.194 59
48.194 59
48.194 59
48.194 59
48.194 59
48.194 59
48.194 59
49.1145 41
49.1145 41
49.1145 41
49.1145 41
48.978 45
48.9392 46
48.6864 50
48.6864 50
48.6864 50
48.2074 53
48.5835 53
48.194 59
48.194 59
48.194 59
48.194 59
48.194 59
48.194 59
48.194 59
48.194 59
48.194 59
48.9392 46
48.194 59
48.194 59
48.194 59
48.194 59
48.194 59
48.194 59
48.194 59
48.194 59
48.194 59
48.194 59
48.2074 53
48.194 59
48.194 59
48.194 59
48.194 59
48.194 59
48.194 59
48.194 59
48.194 59
48.194 59
48.194 59
48.5835 53
48.194 59
48.194 59
48.6864 50
49.1145 41
48.194 59
