13.5703 72 85.5703
15-7-10-11
1-2
9-15-8
14-13-11
8-6-4-5-2-3
12-11-13
13.5703 72 85.5703
13.5703 72 85.5703
13.5703 72 85.5703
12.5491 76 88.5491
12.5491 76 88.5491
12.5491 76 88.5491
12.5491 76 88.5491
12.2665 82 94.2665
12.2665 82 94.2665
12.2665 82 94.2665
12.2665 82 94.2665
12.2665 82 94.2665
12.2665 82 94.2665
12.2665 82 94.2665
12.5491 76 88.5491
12.5491 76 88.5491
12.5491 76 88.5491
12.5491 76 88.5491
12.5491 76 88.5491
12.5491 76 88.5491
12.5491 76 88.5491
12.5491 76 88.5491
12.5491 76 88.5491
12.5491 76 88.5491
12.5491 76 88.5491
12.5491 76 88.5491
12.5491 76 88.5491
12.5491 76 88.5491
12.5491 76 88.5491
12.5491 76 88.5491
12.5491 76 88.5491
12.5491 76 88.5491
12.5491 76 88.5491
12.5491 76 88.5491
12.5491 76 88.5491
12.5491 76 88.5491
12.5491 76 88.5491
12.5491 76 88.5491
12.5491 76 88.5491
12.5491 76 88.5491
12.5491 76 88.5491
12.5491 76 88.5491
12.5491 76 88.5491
12.5491 76 88.5491
12.5491 76 88.5491
12.5491 76 88.5491
12.5491 76 88.5491
12.5491 76 88.5491
12.5491 76 88.5491
12.5491 76 88.5491
12.5491 76 88.5491
12.5491 76 88.5491
12.5491 76 88.5491
12.5491 76 88.5491
12.5491 76 88.5491
12.5491 76 88.5491
12.5491 76 88.5491
12.5491 76 88.5491
12.5491 76 88.5491
12.5491 76 88.5491
12.5491 76 88.5491
12.5491 76 88.5491
12.5491 76 88.5491
12.5491 76 88.5491
12.5491 76 88.5491
12.5491 76 88.5491
12.5491 76 88.5491
12.5491 76 88.5491
12.5491 76 88.5491
12.5491 76 88.5491
12.5491 76 88.5491
12.5491 76 88.5491
12.5491 76 88.5491
12.5491 76 88.5491
12.5491 76 88.5491
12 107 119
11.666 114 125.666
12.4303 80 92.4303
12.0096 87 99.0096
