47.9628 66
48.194 59
48.3692 54
48.194 59
47.9628 66
47.9628 66
47.9628 66
49.1196 42
48.194 59
47.9288 73
47.5328 78
47.8898 75
47.9628 66
48.5446 54
48.194 59
49.1196 42
49.1011 47
48.5446 54
48.194 59
48.194 59
48.194 59
47.9628 66
47.9628 66
47.9628 66
49.1196 42
49.1398 42
48.194 59
47.9628 66
49.1196 42
49.0832 49
48.194 59
47.9628 66
48.3692 54
48.194 59
47.9628 66
47.9628 66
47.9761 60
47.9628 66
47.9628 66
48.194 59
47.9628 66
47.9628 66
47.9628 66
48.5446 54
47.9628 66
47.9628 66
47.9628 66
48.5446 54
47.9628 66
