48.194 59
48.3692 54
48.194 59
47.9628 66
47.9628 66
47.9628 66
48.194 59
47.5328 78
47.9628 66
48.5446 54
48.194 59
49.1011 47
48.5446 54
48.194 59
48.194 59
48.194 59
47.9628 66
47.9628 66
47.9628 66
48.194 59
47.9628 66
49.0832 49
48.194 59
47.9628 66
48.3692 54
48.194 59
47.9628 66
47.9628 66
47.9761 60
47.9628 66
47.9628 66
48.194 59
47.9628 66
47.9628 66
47.9628 66
48.5446 54
47.9628 66
47.9628 66
47.9628 66
48.5446 54
47.9628 66
49.1145 41
49.1011 47
48.3692 54
48.5446 54
48.5446 54
48.5446 54
48.194 59
48.194 59
48.2329 58
48.194 59
48.194 59
48.194 59
48.194 59
48.194 59
48.2143 59
47.9761 60
47.9628 66
47.9628 66
47.9628 66
47.9628 66
47.9628 66
47.9628 66
47.9628 66
47.9628 66
47.9628 66
47.9628 66
48.5446 54
48.5446 54
48.194 59
47.9761 60
47.9628 66
48.194 59
48.194 59
47.9628 66
47.9628 66
48.3692 54
47.9628 66
48.6864 50
48.5446 54
47.9628 66
47.9628 66
47.9628 66
47.9628 66
47.9628 66
