13.8304 74 87.8304
11-13-14-10-8
8-15-9
2-1
2-4-12
7-15-6-3
3-2-5-4
13.8304 74 87.8304
13.3744 79 92.3744
13.3744 79 92.3744
13.2074 81 94.2075
13.2074 81 94.2075
12.2665 82 94.2665
12.2665 82 94.2665
12.9955 82 94.9955
12.9955 82 94.9955
11.9197 91 102.92
11.9197 91 102.92
11.3995 94 105.399
11.3995 94 105.399
12.9955 82 94.9955
12.9955 82 94.9955
12.9955 82 94.9955
12.9955 82 94.9955
12.9955 82 94.9955
12.9955 82 94.9955
12.9955 82 94.9955
12.9955 82 94.9955
12.9955 82 94.9955
12.9955 82 94.9955
12.9955 82 94.9955
12.9955 82 94.9955
12.9955 82 94.9955
12.9955 82 94.9955
12.9955 82 94.9955
12.9955 82 94.9955
12.9955 82 94.9955
12.9955 82 94.9955
12.9955 82 94.9955
12.9955 82 94.9955
12.9955 82 94.9955
12.9955 82 94.9955
12.9955 82 94.9955
12.9955 82 94.9955
12.9955 82 94.9955
12.9955 82 94.9955
12.9955 82 94.9955
12.9955 82 94.9955
12.9955 82 94.9955
12.9955 82 94.9955
12.9955 82 94.9955
12.9955 82 94.9955
12.9955 82 94.9955
12.9955 82 94.9955
12.9955 82 94.9955
12.9955 82 94.9955
12.9955 82 94.9955
12.9955 82 94.9955
12.9955 82 94.9955
12.9955 82 94.9955
12.9955 82 94.9955
12.9955 82 94.9955
12.9955 82 94.9955
12.9955 82 94.9955
12.9955 82 94.9955
12.9955 82 94.9955
12.9955 82 94.9955
12.9955 82 94.9955
12.9955 82 94.9955
12.9955 82 94.9955
12.9955 82 94.9955
12.9955 82 94.9955
12.9955 82 94.9955
12.9955 82 94.9955
12.9955 82 94.9955
12.9955 82 94.9955
12.9955 82 94.9955
12.9955 82 94.9955
12.9955 82 94.9955
12.9955 82 94.9955
12.9955 82 94.9955
12.9955 82 94.9955
12.9955 82 94.9955
12.9955 82 94.9955
12.9955 82 94.9955
12.9955 82 94.9955
