47.8274 84
47.8274 84
47.8274 84
47.8274 84
47.8274 84
47.8274 84
47.8274 84
47.8274 84
47.8274 84
47.8274 84
48.2212 71
47.8274 84
47.8274 84
46.6014 148
47.0948 142
49.3902 58
48.3609 61
47.8808 79
48.2212 71
47.2309 138
49.3902 58
48.3609 61
47.99 78
47.8808 79
47.8274 84
47.8274 84
47.8274 84
47.8274 84
47.8274 84
47.8274 84
47.8274 84
47.8274 84
47.8274 84
47.8274 84
48.9665 58
48.3609 61
47.8274 84
47.8274 84
47.8274 84
48.2212 71
49.473 50
47.8274 84
47.8274 84
49.427 52
47.8274 84
47.8274 84
49.4085 53
47.8274 84
47.8808 79
48.3609 61
48.3609 61
47.2566 93
