48.194 59
48.194 59
48.194 59
48.194 59
48.194 59
48.194 59
48.194 59
48.194 59
48.194 59
48.194 59
49.1145 41
48.194 59
48.194 59
48.194 59
48.194 59
48.194 59
48.194 59
48.194 59
48.194 59
48.194 59
48.194 59
49.1145 41
48.5835 53
48.194 59
48.194 59
48.194 59
48.194 59
48.194 59
48.9392 46
48.194 59
48.194 59
48.194 59
48.194 59
48.194 59
49.1145 41
49.1145 41
48.9392 46
48.5835 53
48.5835 53
48.978 45
48.194 59
48.194 59
48.194 59
48.194 59
48.194 59
48.194 59
48.194 59
48.194 59
48.194 59
48.2074 53
48.194 59
48.194 59
48.194 59
48.194 59
48.194 59
48.194 59
48.194 59
48.194 59
48.194 59
48.194 59
49.1145 41
49.1145 41
49.1145 41
49.1145 41
48.978 45
48.9392 46
48.2074 53
48.5835 53
48.194 59
48.194 59
48.194 59
48.194 59
48.194 59
48.194 59
48.194 59
48.194 59
48.194 59
48.9392 46
48.194 59
48.194 59
48.194 59
48.194 59
48.194 59
48.194 59
48.194 59
48.194 59
48.194 59
48.194 59
48.2074 53
48.194 59
48.194 59
48.194 59
48.194 59
48.194 59
48.194 59
48.194 59
48.194 59
48.194 59
48.194 59
48.5835 53
48.194 59
48.194 59
49.1145 41
48.194 59
49.1145 41
49.1145 41
49.1145 41
49.1145 41
49.1145 41
49.1145 41
49.1145 41
48.978 45
48.978 45
48.9392 46
48.9392 46
49.1584 41
48.2277 53
48.2074 53
48.5835 53
48.5835 53
49.5091 40
48.5835 53
48.194 59
48.194 59
48.194 59
48.194 59
48.194 59
48.194 59
48.194 59
48.194 59
48.194 59
48.2074 53
48.194 59
48.194 59
48.194 59
48.194 59
48.194 59
48.194 59
48.194 59
48.194 59
48.194 59
48.194 59
48.194 59
48.194 59
48.194 59
48.194 59
48.194 59
48.194 59
48.194 59
48.194 59
48.194 59
48.194 59
48.194 59
48.194 59
48.6117 49
48.194 59
48.194 59
48.194 59
48.194 59
48.194 59
48.194 59
48.194 59
48.194 59
48.194 59
48.194 59
48.194 59
48.194 59
48.194 59
47.7753 59
48.194 59
48.194 59
