48.194 59
48.3692 54
48.194 59
48.194 59
48.5446 54
48.194 59
48.5446 54
48.194 59
48.194 59
48.194 59
48.194 59
48.194 59
48.3692 54
48.194 59
47.9761 60
48.194 59
48.5446 54
48.5446 54
49.1145 41
48.3692 54
48.5446 54
48.5446 54
48.5446 54
48.194 59
48.194 59
48.2329 58
48.194 59
48.194 59
48.194 59
48.194 59
48.194 59
48.2143 59
47.9761 60
48.5446 54
48.5446 54
48.194 59
47.9761 60
48.194 59
48.194 59
48.3692 54
48.6864 50
48.5446 54
49.1145 41
48.6864 50
48.3692 54
48.3692 54
48.5446 54
48.5446 54
48.5446 54
48.5446 54
48.5446 54
48.5835 53
48.5446 54
48.5446 54
48.2329 58
48.194 59
48.194 59
48.2143 59
48.194 59
48.194 59
48.194 59
48.9392 46
48.194 59
48.194 59
48.194 59
48.194 59
48.194 59
47.9542 63
47.9761 60
47.9761 60
47.9761 60
