36.4643 53
36.4643 53
37.7615 36
37.7615 36
37.7615 36
37.6004 45
37.6727 41
36.7029 49
37.0164 47
37.7615 36
37.6544 41
37.6727 41
37.6004 45
37.0164 47
36.7029 49
36.4643 53
37.6727 41
37.6727 41
37.7615 36
36.7029 49
37.7615 36
37.6544 41
37.7615 36
37.7615 36
37.6544 41
37.6727 41
37.6197 41
37.6727 41
37.6727 41
37.6004 45
37.0164 47
37.0164 47
36.7029 49
36.7029 49
36.7533 47
37.7615 36
37.6544 41
37.7615 36
37.7615 36
37.7615 36
37.7615 36
37.7085 36
37.6197 41
37.6544 41
37.6727 41
37.6727 41
37.6727 41
37.6727 41
37.6004 45
36.7533 47
37.0164 47
37.4443 45
36.7029 49
36.7029 49
36.7029 49
36.7029 49
37.0638 45
