36.4643 53
37.5775 47
36.7029 49
36.4643 53
36.4643 53
37.3392 47
36.4643 53
36.4643 53
37.3306 47
37.7615 36
37.3392 47
37.5775 47
36.7029 49
37.3226 47
37.7615 36
37.5775 47
37.3306 47
37.7615 36
37.6004 45
37.6727 41
37.3226 47
37.3392 47
36.7029 49
36.7029 49
36.7029 49
37.0164 47
37.3732 47
37.7615 36
37.6544 41
37.6727 41
37.6004 45
37.0164 47
37.3226 47
37.3306 47
37.3392 47
37.3392 47
37.3732 47
37.5775 47
37.5775 47
36.7029 49
36.7029 49
36.4643 53
36.4643 53
37.6727 41
37.3732 47
37.6727 41
36.7029 49
37.3226 47
37.7615 36
37.3392 47
37.3392 47
36.7029 49
36.7029 49
37.5775 47
36.7029 49
37.7615 36
37.6544 41
37.7615 36
37.7615 36
37.6544 41
37.6727 41
37.6197 41
37.6727 41
37.6727 41
37.6004 45
37.0164 47
37.0164 47
37.3226 47
37.3306 47
37.3306 47
37.3392 47
37.3392 47
37.3392 47
37.3732 47
37.3732 47
37.5775 47
37.5775 47
37.5775 47
36.7029 49
36.7029 49
37.3226 47
36.5033 50
36.7029 49
36.7029 49
36.7533 47
36.7029 49
