35.8047 64
35.8047 64
35.8047 64
35.8047 64
35.8047 64
35.8047 64
35.8047 64
35.2719 104
35.8047 64
35.8047 64
35.8047 64
35.8021 66
35.8047 64
35.8047 64
35.3356 74
35.8047 64
35.8047 64
35.8047 64
37.6652 50
35.5945 66
35.8047 64
35.8047 64
35.8047 64
35.8047 64
35.8551 62
35.8047 64
35.8047 64
35.8551 64
35.8047 64
35.8047 64
37.4976 52
37.8578 43
37.6869 44
35.4719 66
35.8047 64
35.8047 64
35.8047 64
35.9958 62
35.8047 64
35.8047 64
35.8047 64
35.8047 64
35.8047 64
35.8047 64
36.4643 53
35.8047 64
35.8047 64
35.8047 64
35.8551 64
35.8047 64
35.8047 64
36.1657 62
35.8047 64
35.8551 62
35.8047 64
35.8551 64
35.8047 64
35.8047 64
35.8047 64
35.8551 64
35.8047 64
35.8047 64
35.8047 64
36.1657 60
35.8047 64
34.7201 108
