35.8047 64
35.8047 64
35.8047 64
35.8047 64
35.8047 64
35.8047 64
35.8047 64
35.8047 64
35.8047 64
35.8047 64
35.8047 64
35.8047 64
35.8047 64
35.8047 64
37.6652 50
35.8047 64
35.8047 64
35.8047 64
35.8047 64
35.8551 62
35.8047 64
35.8047 64
35.8047 64
35.8047 64
37.4976 52
37.6869 44
35.8047 64
35.8047 64
35.8047 64
35.9958 62
35.8047 64
35.8047 64
35.8047 64
35.8047 64
35.8047 64
35.8047 64
36.4643 53
35.8047 64
35.8047 64
35.8047 64
35.8047 64
35.8047 64
35.8047 64
35.8551 62
35.8047 64
35.8047 64
35.8047 64
35.8047 64
35.8047 64
35.8047 64
35.8047 64
36.1657 60
35.8047 64
37.663 50
37.7376 42
36.4643 53
36.1657 60
35.8551 62
35.9958 62
35.8047 64
35.8047 64
35.8047 64
35.9958 62
35.8047 64
35.8047 64
35.8047 64
35.8047 64
35.8047 64
35.8047 64
36.4643 53
35.8047 64
35.8047 64
35.8047 64
35.8047 64
35.8047 64
35.8047 64
35.8047 64
35.8047 64
35.8551 62
35.8047 64
35.8047 64
35.8047 64
35.8047 64
35.8047 64
35.8551 64
35.8551 64
35.8047 64
35.8047 64
37.489 52
36.3121 57
35.8047 64
36.0432 60
36.1657 60
