35.8047 64
35.8047 64
36.4643 53
36.0432 60
36.4643 53
35.8047 64
36.4643 53
36.6555 51
37.5775 47
36.4643 53
36.6555 51
36.7029 49
36.5147 51
36.6555 51
36.4643 53
36.4643 53
36.4643 53
37.3392 47
36.6555 51
36.6555 51
36.4643 53
36.4643 53
36.5147 51
36.4643 53
36.4643 53
37.3306 47
37.7615 36
37.3392 47
37.5775 47
36.7029 49
37.3226 47
36.6555 51
36.6555 51
37.0164 49
36.6555 51
36.8253 49
37.7615 36
37.5775 47
37.3306 47
37.7615 36
37.6004 45
37.6727 41
37.3226 47
37.3392 47
37.6305 43
36.7029 49
36.7029 49
36.7029 49
37.0164 47
37.3732 47
