35.8047 64
35.8047 64
35.8047 64
35.8047 64
35.8047 64
35.8047 64
35.8047 64
35.8047 64
35.8047 64
35.8047 64
35.8047 64
35.8047 64
35.8047 64
35.8047 64
35.8047 64
35.8047 64
35.8047 64
35.8047 64
35.8047 64
35.8047 64
35.8047 64
35.8047 64
35.8047 64
35.8047 64
35.8047 64
35.8047 64
35.8047 64
35.8047 64
35.8047 64
35.8047 64
35.8047 64
36.4643 53
35.8047 64
35.8047 64
35.8047 64
35.8047 64
35.8047 64
35.8047 64
35.8047 64
35.8047 64
35.8047 64
35.8047 64
35.8047 64
35.8047 64
35.8047 64
35.8047 64
37.7376 42
36.4643 53
35.8047 64
35.8047 64
35.8047 64
35.8047 64
35.8047 64
35.8047 64
35.8047 64
35.8047 64
35.8047 64
36.4643 53
35.8047 64
35.8047 64
35.8047 64
35.8047 64
35.8047 64
35.8047 64
35.8047 64
35.8047 64
35.8047 64
35.8047 64
35.8047 64
35.8047 64
35.8047 64
35.8047 64
35.8047 64
36.3121 57
35.8047 64
36.0432 60
37.7376 42
37.9052 40
36.4643 53
36.4617 55
36.4643 53
36.3121 57
35.7824 64
36.0463 60
35.8047 64
35.8047 64
35.8047 64
35.8047 64
35.8047 64
36.4643 53
35.8047 64
35.8047 64
35.8047 64
35.8047 64
35.8047 64
35.8047 64
35.8047 64
35.8047 64
35.8047 64
35.8047 64
35.8047 64
35.8047 64
35.8047 64
35.8047 64
35.8047 64
35.8047 64
35.8047 64
35.8047 64
35.8047 64
35.8047 64
35.8047 64
35.8047 64
35.8047 64
36.3121 57
35.8047 64
35.8047 64
36.0432 60
35.8047 64
35.8047 64
35.8047 64
35.8047 64
36.4643 53
35.8047 64
35.8047 64
35.8047 64
35.8047 64
37.9052 40
37.7376 42
37.6305 47
37.676 42
36.0811 57
36.4643 53
36.4643 53
36.4643 53
36.6555 51
36.4643 53
36.3121 57
36.0432 60
36.5147 51
35.6449 64
35.7824 64
36.3121 57
36.0432 60
36.4643 53
35.8032 64
35.762 64
35.817 60
36.4361 57
35.7397 64
