43.126 42
43.126 42
43.126 42
44.1044 32
44.1044 32
43.126 42
43.126 42
43.126 42
43.126 42
43.126 42
44.1044 32
43.9768 34
44.1044 32
44.1044 32
44.1044 32
44.1044 32
43.126 42
43.126 42
43.126 42
43.126 42
43.126 42
42.9702 44
42.9702 44
43.126 42
43.126 42
43.126 42
43.126 42
43.126 42
44.1044 32
44.1044 32
43.1796 42
43.126 42
44.1044 32
44.1044 32
44.1044 32
44.1044 32
43.9768 34
43.126 42
43.126 42
43.126 42
43.126 42
43.126 42
43.126 42
43.126 42
43.126 42
43.1796 42
43.1491 42
42.9702 44
43.8419 36
43.1796 42
44.1044 32
44.1044 32
44.1044 32
44.1044 32
44.1044 32
44.1044 32
44.1044 32
43.9768 34
43.126 42
43.126 42
43.126 42
43.126 42
43.126 42
43.126 42
43.126 42
43.126 42
43.126 42
43.126 42
43.126 42
43.126 42
43.126 42
43.1491 42
43.1796 42
43.1796 42
43.1796 42
43.9768 34
43.2468 39
43.2128 41
