42.4092 70
42.4376 67
43.2183 42
43.2183 42
42.5288 53
43.126 42
43.126 42
43.2183 42
43.2183 42
42.9702 44
43.126 42
43.0562 44
44.1044 32
43.2183 42
43.7195 42
44.1044 32
43.4591 42
43.126 42
43.126 42
43.2183 42
43.2183 42
42.9702 44
43.126 42
43.126 42
42.9702 44
43.2183 42
43.2183 42
43.126 42
44.1044 32
43.9768 34
44.1044 32
43.0562 44
43.2183 42
43.7195 42
44.1044 32
44.1044 32
44.1044 32
43.126 42
43.126 42
43.126 42
43.126 42
43.126 42
43.2183 42
43.2183 42
43.2183 42
43.2183 42
43.7195 42
42.9702 44
42.9702 44
42.9702 44
43.0562 44
42.9702 44
43.0562 44
43.7195 42
43.126 42
43.2183 42
43.126 42
42.9702 44
43.126 42
43.126 42
42.9702 44
43.0949 44
43.126 42
43.2183 42
43.0393 44
44.1044 32
43.2183 42
44.1044 32
43.0562 44
43.1796 42
43.7195 42
43.2183 42
43.8497 37
43.126 42
43.0562 44
