42.9702 44
43.9768 34
43.8419 36
43.9768 34
43.9768 34
43.2468 39
43.9768 34
43.9768 34
43.9768 34
43.2468 39
43.9076 34
43.1776 39
43.1078 41
43.9076 34
43.9768 34
43.9076 34
43.9768 34
43.9768 34
43.9768 34
43.9768 34
43.9768 34
43.9768 34
43.981 34
43.9768 34
43.907 36
44.0326 31
43.9768 34
44.0326 31
43.9076 34
43.9768 34
43.9768 34
43.9768 34
43.9768 34
43.9768 34
43.9768 34
43.9768 34
43.981 34
43.907 36
43.1776 39
43.2468 39
43.9768 34
43.9076 34
43.907 36
43.9768 34
43.9768 34
43.2468 39
43.2468 39
43.9768 34
43.9076 34
43.9076 34
43.9768 34
44.0326 31
43.9768 34
43.7842 36
43.9768 34
43.9768 34
44.0326 31
43.9768 34
43.9768 34
43.8377 36
43.9768 34
43.9768 34
43.9768 34
43.9768 34
43.2468 39
43.1078 41
43.9768 34
43.8419 36
43.907 36
42.5408 100
42.3281 135
