36.8928 50
36.8928 50
36.8928 50
36.4824 67
37.419 45
36.8928 50
36.8928 50
36.8928 50
37.419 45
36.9799 46
36.8928 50
36.8928 50
36.8928 50
36.8928 50
36.8928 50
36.8928 50
36.8928 50
37.419 45
37.419 45
37.419 45
37.5061 43
36.8928 50
36.8928 50
36.8928 50
36.8928 50
36.8928 50
36.8928 50
36.8928 50
37.419 45
36.8928 50
36.8928 50
36.9799 46
36.8928 50
36.8928 50
36.8928 50
37.465 44
36.8928 50
37.5061 43
37.5061 41
37.419 45
37.419 45
36.9799 46
36.8928 50
36.8928 50
36.8947 47
36.8928 50
36.8928 50
36.8928 50
36.8928 50
36.8928 50
36.8928 50
36.8928 50
36.8928 50
36.9799 46
36.8928 50
36.8928 50
36.8928 50
36.8928 50
36.8928 50
36.8928 50
37.419 45
36.8928 50
37.5061 43
37.419 45
37.419 45
36.8928 50
