37.5061 41
37.5061 41
36.9818 43
37.5061 41
37.5061 41
36.9818 43
36.9818 43
36.7861 50
37.5061 41
37.5061 41
36.9818 43
36.9818 43
36.9818 43
37.508 40
37.5061 41
37.5061 41
36.9818 43
37.5061 41
37.3643 41
37.5061 41
37.5061 41
37.5061 41
36.9818 43
37.5061 41
37.5061 41
35.4766 105
37.508 40
37.5061 41
37.5061 41
37.5061 41
37.5061 41
37.5061 41
37.5061 41
37.5061 41
37.5061 41
37.5061 41
36.9818 43
36.9818 43
36.9818 43
37.5061 41
37.0421 43
37.5061 41
37.5061 41
37.5061 41
37.5061 41
37.5061 41
37.5061 41
37.3643 41
37.5061 41
37.5061 41
36.9818 43
37.5061 41
37.5061 41
37.3557 42
37.5061 41
36.2591 96
37.508 40
37.5061 41
37.5061 41
37.5061 41
37.5061 41
37.5061 41
37.5061 41
37.5061 41
37.5061 41
37.5061 41
37.5061 41
37.5061 41
37.5061 41
37.5061 41
37.5061 41
37.5061 41
37.508 38
37.5061 41
37.5061 41
37.5061 41
37.5061 41
37.3557 42
36.9818 43
37.0421 43
36.8759 44
36.9818 43
37.3643 41
36.9818 43
36.9818 43
36.9818 43
36.9818 43
37.508 40
37.0421 43
