36.8928 50
36.8928 50
36.8928 50
36.8928 50
36.8928 50
36.9799 46
36.8928 50
36.8928 50
36.8928 50
36.8928 50
36.8928 50
36.8928 50
36.8928 50
37.5061 43
36.8928 50
36.8928 50
36.8928 50
36.8928 50
36.8928 50
36.8928 50
36.8928 50
36.8928 50
36.8928 50
36.9799 46
36.8928 50
36.8928 50
36.8928 50
36.8928 50
37.5061 43
37.5061 41
36.9799 46
36.8928 50
36.8928 50
36.8947 47
36.8928 50
36.8928 50
36.8928 50
36.8928 50
36.8928 50
36.8928 50
36.8928 50
36.8928 50
36.9799 46
36.8928 50
36.8928 50
36.8928 50
36.8928 50
36.8928 50
36.8928 50
36.8928 50
37.5061 43
36.8928 50
37.5061 41
36.9799 46
36.8928 50
36.8928 50
36.8928 50
36.8928 50
36.8928 50
36.8947 47
36.8928 50
36.8928 50
36.8928 50
36.8928 50
36.8928 50
36.8928 50
36.8928 50
36.8928 50
36.9799 46
36.8928 50
36.8928 50
36.8928 50
36.8928 50
36.8928 50
36.8928 50
36.8928 50
36.8928 50
36.8928 50
36.8928 50
36.8928 50
36.8928 50
36.8928 50
36.8928 50
36.8928 50
36.8928 50
37.5061 41
37.5061 43
36.9799 46
36.9818 43
36.9799 46
36.9799 46
36.9799 46
36.8947 47
36.8928 50
36.8928 50
36.8928 50
36.8928 50
36.9799 46
36.8928 50
36.8928 50
36.8928 50
36.8928 50
36.8928 50
36.8928 50
36.8928 50
36.8928 50
36.8928 50
36.8928 50
36.8928 50
36.8928 50
36.8928 50
36.8928 50
36.8928 50
36.8928 50
36.8928 50
36.8928 50
36.8928 50
36.8928 50
36.8928 50
36.8947 47
36.8928 50
36.8928 50
36.8928 50
36.8928 50
36.8928 50
36.8928 50
36.8928 50
36.8928 50
36.867 50
36.8928 50
36.8928 50
36.8928 50
36.7861 50
36.8928 50
36.8928 50
36.8928 50
37.5061 41
37.5061 43
37.5061 43
37.5061 43
36.9799 46
36.9799 46
36.9799 46
36.9799 46
36.9799 46
36.9799 46
36.9799 46
36.8947 47
36.8947 47
36.8928 50
36.8928 50
36.8928 50
36.8947 47
36.8928 50
36.8928 50
36.8928 50
36.8928 50
36.8928 50
36.8928 50
36.8928 50
36.8928 50
36.9799 46
36.8928 50
36.8928 50
36.8928 50
36.8928 50
36.8928 50
36.8928 50
36.8928 50
36.8928 50
36.8928 50
36.8928 50
36.8928 50
36.8928 50
36.8928 50
36.8928 50
36.8928 50
36.8928 50
36.8928 50
36.8928 50
36.8928 50
36.8928 50
36.8928 50
36.8947 47
36.8928 50
36.8928 50
36.8928 50
36.8928 50
36.8928 50
36.8928 50
36.8928 50
36.8928 50
36.867 50
36.8928 50
36.8928 50
36.8928 50
36.7861 50
36.8928 50
36.8928 50
36.8928 50
36.8928 50
36.8928 50
36.8928 50
36.8928 50
36.8928 50
36.8928 50
36.8928 50
36.8928 50
36.8928 50
36.8928 50
36.8928 50
36.8928 50
