35.8729 58
33.9154 114
36.2754 54
33.9154 114
36.7329 48
37.9211 41
34.2135 96
37.3236 44
33.9154 114
35.1886 72
34.2299 89
33.9044 118
37.1197 47
35.925 54
35.2015 67
36.4595 53
34.4071 83
36.008 54
38.1452 38
34.2238 94
37.3909 42
37.1197 47
35.8357 59
34.8532 76
34.2135 96
33.9154 114
33.9044 118
35.2443 66
34.8566 72
35.1886 72
34.4071 83
35.925 54
35.4645 59
37.214 47
36.689 48
37.3236 44
34.6296 77
38.037 41
33.9679 104
35.8779 57
37.3022 47
33.7384 119
36.008 54
35.925 54
33.9154 114
37.3053 45
37.3909 42
34.0088 101
35.6917 59
35.9233 54
34.1961 101
33.9154 114
36.6825 50
35.3741 61
