35.2015 67
34.4071 83
34.8532 76
35.2443 66
34.8566 72
34.4071 83
36.689 48
33.7384 119
35.3741 61
34.8359 76
34.4071 83
33.8833 100
33.7384 119
34.187 88
33.8308 114
33.6594 124
37.9125 38
36.2826 49
34.1426 96
37.9335 35
35.0336 67
35.0335 67
34.4318 81
34.4218 82
34.764 76
33.8308 114
35.7244 57
35.2015 67
37.9335 35
34.3362 83
35.259 65
37.2755 41
37.4043 38
35.2015 67
36.689 48
36.7229 44
36.1019 49
35.7244 58
35.259 65
34.8359 76
34.53 76
34.3289 87
34.4071 83
34.4071 83
34.4071 83
34.1011 100
34.0512 100
35.4441 58
36.198 49
35.7467 52
36.0021 50
37.2755 41
35.2628 61
36.8357 44
37.4295 38
34.2301 88
35.0335 67
35.1198 67
35.1988 67
35.2015 67
35.2515 66
