35.8729 58
36.2754 54
36.7329 48
37.3236 44
35.1886 72
37.1197 47
35.925 54
35.2015 67
34.4071 83
36.008 54
37.3909 42
37.1197 47
35.8357 59
34.8532 76
35.2443 66
34.8566 72
35.1886 72
34.4071 83
35.925 54
35.4645 59
37.214 47
36.689 48
37.3236 44
34.6296 77
35.8779 57
37.3022 47
33.7384 119
36.008 54
35.925 54
37.3053 45
37.3909 42
35.6917 59
35.9233 54
35.3741 61
37.3909 42
37.3236 44
36.8346 48
36.0025 54
36.1835 54
35.925 54
35.8729 59
36.1908 54
34.8359 76
35.1886 72
34.4071 83
33.8833 100
33.7384 119
34.187 88
35.3038 64
35.4645 59
33.8308 114
37.3236 44
35.1665 72
35.925 54
33.6594 124
37.3443 44
37.2651 47
37.9125 38
35.1886 72
35.925 54
36.2826 49
34.1426 96
37.3053 45
35.6917 59
35.7234 59
37.9335 35
36.008 54
37.3022 47
