36.7329 48
35.925 54
35.2015 67
34.4071 83
36.008 54
34.8532 76
35.2443 66
34.8566 72
34.4071 83
35.925 54
35.4645 59
36.689 48
34.6296 77
35.8779 57
33.7384 119
36.008 54
35.925 54
35.6917 59
35.9233 54
35.3741 61
36.0025 54
35.925 54
34.8359 76
34.4071 83
33.8833 100
33.7384 119
34.187 88
35.3038 64
35.4645 59
33.8308 114
35.925 54
33.6594 124
37.9125 38
35.925 54
36.2826 49
34.1426 96
35.6917 59
35.7234 59
37.9335 35
36.008 54
36.7329 47
35.9061 55
35.0336 67
35.0335 67
34.4318 81
34.4218 82
34.764 76
33.8308 114
35.4645 59
35.7244 57
36.0263 54
35.8581 57
35.2015 67
37.9335 35
35.8813 56
35.3038 64
34.3362 83
36.0869 51
35.259 65
37.2755 41
37.4043 38
35.2015 67
36.959 46
