13.14 43
13.14 43
13.14 43
14.0841 28
13.14 43
13.596 33
13.14 43
13.2171 37
14.3828 28
13.14 43
13.14 43
13.14 43
13.14 43
13.14 43
13.14 43
13.2171 37
14.3667 28
13.14 43
13.2171 35
13.5896 33
13.2171 37
13.1914 40
13.14 43
13.14 43
14.0841 28
13.14 43
13.14 43
13.596 33
13.14 43
13.14 43
14.4438 25
14.3667 28
13.596 33
13.596 32
13.2171 37
13.14 43
13.14 43
13.14 43
13.14 43
13.14 43
13.14 43
13.14 43
13.14 43
14.3828 28
13.2171 35
13.14 43
13.2171 37
13.2171 35
14.0841 28
14.4438 25
14.4438 25
14.0328 29
14.3667 28
14.3988 26
13.596 32
13.4226 34
13.596 33
13.2171 37
13.2171 37
13.14 43
13.14 43
13.14 43
13.14 43
13.14 43
13.14 43
13.14 43
13.14 41
13.14 43
13.14 43
13.1914 40
13.14 43
13.596 33
14.0841 28
14.3667 28
13.14 43
13.2171 37
