14.4438 25
14.4438 25
14.4438 25
14.4438 25
14.0841 26
13.1785 38
13.1914 38
13.657 30
14.4438 25
13.3102 30
14.4438 25
13.657 27
13.3102 30
14.4438 25
14.0231 27
14.4566 25
13.2074 34
14.1034 25
13.657 30
13.0758 66
12.7065 83
12.0032 96
14.1034 25
14.4438 25
14.4566 25
14.0231 27
13.657 29
13.657 30
13.657 27
14.4438 25
14.4438 25
13.657 30
13.3102 30
14.0231 27
14.4438 25
14.4566 25
13.3102 30
14.0841 26
13.3102 30
13.657 30
14.4438 25
14.1034 25
14.4566 25
13.2074 34
14.4438 25
13.2074 34
14.4438 25
14.6172 24
12.6005 95
